reference_01 far 141.0 156.0 128.11149829362992 179.015181618518 105.09631667511192 191.4433796925177 100.43414453579706 207.76098218011975 30 228 24 220 24 249 12 13 profile none 0
reference_01 near 141.0 156.0 164.9357888832587 166.12667991214792 161.71366345666618 199.7288450751842 178.94029274845616 202.59994995714922 153 246 145 254 177 250 12 13 sole_visible heel 3
reference_02 far 141.0 151.0 136.3969636762964 173.55487798614763 110.61996026355624 171.25335982429584 100.55303876599498 184.91561042812899 44 194 38 186 30 213 12 13 profile none 0
reference_02 near 141.0 151.0 159.4121452948144 169.4121452948144 166.3166997803698 199.3318813988878 183.49924906736442 202.45598126925046 165 255 157 267 187 259 12 13 profile flat 0
reference_03 far 141.0 146.0 144.6824290589629 171.3166997803698 120.28633654333382 161.19001986822187 110.10399889424754 174.76647006700358 64 183 61 176 52 199 12 13 profile none 0
reference_03 near 141.0 146.0 154.8091089711108 170.85639614799945 153.4281980739997 199.39522135496176 170.55330335160986 202.8202424104838 136 266 131 273 156 270 12 13 profile flat 0
reference_04 far 141.0 152.0 152.04728717688863 169.95184166244402 129.492409190741 169.49153803007366 118.53040585004733 182.4466328872571 63 201 53 192 52 214 12 13 profile none 0
reference_04 near 141.0 152.0 141.46030363237037 177.77700341274016 134.55574914681497 199.87157776651745 151.57275980337252 203.79858022572304 74 267 64 273 100 273 12 13 profile flat 0
reference_05 far 141.0 150.0 161.25335982429584 163.34880533874045 141.0 175.31669978036982 145.57577156990388 191.65874110145512 91 208 85 206 98 233 12 13 profile none 0
reference_05 near 141.0 150.0 135.47635641155568 176.69761067748087 121.66724744044488 199.2524886636285 137.6831874335666 206.21594083455096 49 260 41 264 72 270 12 13 profile toe 0
reference_06 far 141.0 146.0 165.39609251562908 154.74576901503684 160.79305619192547 185.58611238385097 177.21406582964642 189.86985402847384 139 237 134 246 162 243 12 13 sole_visible none 0
reference_06 near 141.0 146.0 126.73058739651884 170.85639614799942 109.23904936644516 186.50671964859166 118.49508292858023 201.31637334800777 27 239 26 255 42 263 12 13 profile none 0
reference_07 far 141.0 154.0 164.015181618518 167.8091089711108 169.99912883933268 199.10975597229526 186.7114600179211 202.0589908861638 170 249 155 257 187 252 12 13 sole_visible heel 0
reference_07 near 141.0 154.0 126.73058739651884 177.015181618518 101.87419124851941 186.68155789829555 98.2763728703591 203.77119519455704 22 222 19 216 18 241 12 13 profile none 0
reference_08 far 141.0 150.0 160.3327525595551 171.17396708903655 169.07852157459195 199.71279229599887 185.95583876709733 201.48935200047313 170 261 160 270 189 263 12 13 profile flat 0
reference_08 near 141.0 150.0 136.3969636762964 175.77700341274016 112.00087116066732 165.65032350059224 100.98804441449644 179.20457180357178 46 187 40 180 33 203 12 13 profile none 0
reference_09 far 141.0 147.0 153.4281980739997 171.85639614799942 152.04728717688863 199.47461409022102 168.45908629395888 203.7935085947132 135 263 125 271 154 268 12 13 profile flat 0
reference_09 near 141.0 147.0 144.22212542659253 170.9357888832587 123.96876560229668 155.28546538266647 113.36010554919523 169.15832852902992 74 167 75 159 61 184 12 13 profile none 0
reference_10 far 141.0 149.0 145.14273269133324 173.85639614799945 137.77787457340747 199.17309592836924 154.27983429749023 203.1335662621491 104 262 95 269 129 268 12 13 profile flat 0
reference_10 near 141.0 149.0 154.8091089711108 171.09457435377726 135.47635641155568 163.26941260348116 124.03848628218078 176.4669550604522 99 184 91 174 86 199 12 13 profile none 0
reference_11 far 141.0 149.0 131.7939273525928 172.9357888832587 118.44512201385236 198.2524886636285 133.49096577755216 206.10249410555883 69 260 59 266 92 272 12 13 profile toe 0
reference_11 near 141.0 149.0 162.17396708903655 161.88850170637008 141.9206072647407 174.77700341274016 148.05271454739872 191.1292894998282 120 209 110 205 129 233 12 13 profile none 0
reference_12 far 141.0 145.0 123.04815833755598 168.015181618518 102.79479851326013 185.04641601622131 111.0866726448353 199.85333410831984 35 238 33 254 49 263 12 13 profile none 0
reference_12 near 141.0 145.0 165.39609251562908 153.74576901503684 157.1106271329626 182.74489785436953 173.59440467480653 188.5142199940149 153 233 144 237 173 240 12 13 sole_visible none 0
